52976360
53024603
52667524
13634645
53203379
53472095
53249757
50692110
53451162
53005407
50990510
52558212
52799562
53179891
53245386
52719017
53085988
51038483
51329187
53280099
52717468
52976361
53472951
51108563
53050699
51918376
51434342
53201597
53172541
53232694
53450079
52427129
52322894
52047874
52347423
51204136
52942181
53186586
51719335
51698246
52463373
52788943
51801441
51213284
51020287
53089948
53195440
50631758
51022002
53191166
50725198
51201977
53115195
51797498
53401351
53041561
52626808
53065167
51558207
53309244
51015019
53253499
53100533
53188798
53520556
52330314
53246535
52409978
51343168
52850277
52547736
52316295
51804919
51074536
53237780
53403607
51514388
52342143
52260125
52980018
53520178
52321003
50729730
51088246
52314567
51665200
52680803
51974917
51343069
52168054
53335220
51288204
53099359
53121772
53503520
51480061
51283207
52909331
50998173
53209854
53499858
53520864
52291307
51912580
53535568
52891350
53342241
53049356
53415676
53498269
50845468
50646045
53317061
53199440
52932479
51489882
51638665
53413219
51982695
52207753
53584054
52586243
53250220
52356323
53159602
51628657
52746896
53342168
50669879
16764507
53138175
53316741
53226126
53266699
53415793
52728987
53405678
53404379
52738243
52862069
53293383
52384011
53368848
51474833
51963393
52125458
52377651
24214654
51050037
53265988
53301691
53056872
53407827
17863166
52329175
52894230
53307347
53185230
53182783
53347071
53542879
33830846
50931526
52047875
53466741
53186131
51188143
51440251
51522609
53318362
53167505
52591837
51805269
51273143
50720331
53340649
53303241
52971998
51625769
53104751
53497400
51092684
51089096
53353542
53545733
53183015
53358630
51601297
53274500
53183508
51644240
53295164
52672548
51790857
53424952
52862056
51314687
51628957
52990698
53465286
53258347
53446201
50711760
51811953
51103126
35488352
53284551
51798235
51801829
51097993
51499340
53446020
51275027
52665258
53180522
53408336
51704606
53569263
53507643
53530609
52976178
51492165
52520444
53162936
53193649
53287064
52685330
50993969
52514726
53520912
53423561
52662500
52971482
51468055
50966995
53289252
52433587
52731083
53409792
53244349
51276381
52296463
52585794
8640247
50635412
53348837
52270874
53522932
53279909
53348717
53515927
51001527
53359292
53141284
52738252
51113777
53499994
52349728
51989048
51178453
52640822
51588322
53453323
3758819
51834786
51160723
53508500
53511264
51190957
52415573
53300423
51023625
52011682
53179790
53013223
53663405
51696925
52074184
53355616
53340369
51791640
53309359
52973230
53519837
53551065
53405211
50724086
53125994
53306688
52727969
53516666
53064167
53446005
51493525
50661501
22590287
51706849
51872802
53240092
53400891
51469847
52650905
51554773
22397362
34177971
51284932
42851955
51033964
52960574
53127454
53345857
53516683
51005209
50725619
51454502
51953732
52870566
52888064
51831518
52408455
19826709
31803970
51483933
52608789
6884041
53350959
53510525
52520383
53710501
52520139
51684336
23457738
53501665
50653387
50970546
52660143
53357162
53202174
51914177
53528764
53257489
53402852
53487336
53497924
52573941
52911633
53596972
53666836
53247969
52809138
53300043
53354925
51684335
53480644
53071448
53534416
51566603
53187865
53343670
53464282
53495247
53661407
34287234
53412080
53507024
50716965
51799054
51054623
53528191
53455498
53108139
50716137
53126002
52834215
53549683
52917857
34289082
52929150
52520114
53363289
16831051
53363273
51982726
50692675
34189914
53514379
53469492
51684339
53252344
53231226
53362469
51278589
53596137
53543107
53655569
53534736
51982371
51801380
53348468
53335074
5103377
52627506
51174267
53569995
52549736
52721062
51113343
51441556
53388694
52997248
52738192
53179145
53548349
53495994
52217335
52563624
52280158
52662423
53624050
50866107
53621129
53694323
52518611
52662465
53127678
53683095
53264384
53479530
53542891
52927050
51234907
53530193
53437151
53292784
53447330
53575691
53240761
53387536
53362413
52833865
52673740
50714213
53343505
52520410
51686013
53564003
53647288
53359022
53717436
52867708
21033144
53558224
52394964
52990030
50661179
52662479
50716867
53637867
53363183
53689846
51982898
53632765
53183122
53489479
53606563
52541834
53533690
51453412
52658434
53126985
53623342
53702361
18567421
21512167
52269497
53127504
53256867
53519960
51626172
53458133
52894580
53473989
53451753
51982929
53400991
53573546
52520288
52770593
52821638
53166633
53583454
53349389
51080241
52603385
43502994
53698167
52822368
53296863
53397732
52217367
53613999
52540278
51353738
51454279
34254207
53356908
51953078
53363881
53260495
53479546
34177972
53457345
53712282
10163692
53155977
51119709
52454841
53529360
52834048
52360488
53241635
34287175
52208128
53661367
51619314
53453282
52520170
53409817
52586350
53467058
53502475
53452148
52520225
53642693
53509357
53162871
52729393
53263125
51687282
51039955
53429581
53363216
53634016
53596040
53416495
53248749
51575337
53072919
30257708
52546902
53553537
53511548
53025880
52746939
52833965
53356395
52279016
53583343
53457138
22644519
53468028
4727315
53535689
16973102
53206948
53458852
53521460
156958
53354732
53438075
53483912
53516787
53362446
53666861
50855939
53634225
52833714
51709367
53410750
52833693
52093451
51161117
53427949
53344928
53569775
53321003
52453381
53511850
24216868
51819709
53491553
53267635
53562990
53257843
53525230
53556607
18672665
53439592
51440146
53297627
53218600
53334665
50910447
53529081
53273798
51350549
53596165
53218793
53380034
52978676
53517673
53583492
51638701
51982288
53333526
52450986
53193638
53516922
51783124
53419014
52716552
52384539
53426666
52682789
51561112
51610697
53521015
53555986
53274383
52821639
53110914
53197697
52718730
52662472
53634619
53608347
14717321
53215728
52412155
34169240
34168850
53411235
27015538
53484085
53711283
52817135
51710375
53181456
53404064
53490874
34287250
53555284
34254456
53438469
23147490
53233661
53658854
53286071
53376964
53441987
53297686
53612852
53600376
27978878
34130940
53698184
53163305
50730982
53579248
34173072
34194331
53464444
53584101
53452383
53627149
53561412
53438362
53458293
53698216
53660340
53363944
51437916
23147628
53351682
53652041
34573991
51408657
53611459
53583361
53615968
53190598
53687790
52536248
53620974
52792959
53677222
34158124
53545749
52703458
53399542
52536246
53363945
51203915
34279564
34131467
52662470
53344745
34131290
53544979
51884359
33705838
53551387
53672726
51664121
53716238
51668879
53517236
53557366
53134919
52662443
53568703
52179692
50762294
53214825
51282946
52854182
52662455
53588635
51425410
23458058
53665859
53505483
53180115
51626101
34296467
53455262
53721548
39971514
34288128
53708337
51415009
53509151
52658354
53632749
53601627
18566580
53301073
53471283
51204955
53163304
53243683
34190006
53343583
34173142
52563679
53686425
52563523
53442629
53643961
53478962
51253155
53625537
53625467
53426459
53665703
53489262
50750102
53589341
53413555
53312217
53371770
53678319
53189964
53288769
53459470
53481162
53274062
52962635
53617336
53512133
53521833
53574523
53480848
53531107
53711687
34255048
53505624
53595016
53243682
52731420
34171407
53591706
18567569
53500182
53549795
53578606
53458180
52611379
52854005
53644828
50125995
52563920
53354230
53520195
53514157
53725539
53225550
51430795
52662391
53699439
53263101
53582435
53320021
34168755
53614059
53242804
53513213
53577149
52692936
51001515
53351110
51624433
33706037
20864678
53491462
53634451
52608613
34287174
53359021
53441655
21744548
53591266
53550631
51982951
53363954
51553711
53640931
53452503
34169062
52827771
53211206
53440120
53516976
51876430
52662451
51427091
52608764
51480501
53705528
53430451
53210542
53409517
52794177
53653230
53578498
53566096
34288159
51264756
53643048
34255468
53457479
53561736
53528849
53493057
53585835
53254160
53610275
53476328
53721586
2869329
53605915
52559471
53363955
53725875
53372229
53421661
53512115
53603688
26500885
53232699
51798613
52563608
53314238
53647096
52662450
53490860
53624309
50810529
34194621
53505711
53595778
53251296
51455155
53684689
53502493
53658443
33472884
53425750
53559487
52563558
53494580
51701884
10163691
53436070
53648413
52518753
53218799
53349610
53363952
53521045
52827684
52563736
34173078
53481245
53621497
53603576
53547888
53479387
53200659
52662467
53476685
34287241
53148601
53335033
53467867
51440032
53598148
48945447
53541044
53598217
53614210
53625617
51139248
22644355
53009327
53592321
53651753
34168533
53644823
53681453
53363938
50660666
52563598
52893797
53481160
53300747
53210273
53485762
53363942
34289083
53216010
53615783
32440801
53436076
51601223
51402794
53303249
51085723
53667647
53626450
52744522
53493112
53636037
37865399
53488131
53632421
53611177
53707150
53591403
50983627
52693334
51797486
53262613
53709892
53481299
53363949
51425575
53330209
53557697
53254152
51266729
53635851
34290056
51441648
33471804
53478961
51093786
51443061
53363940
53247963
53425912
52662442
51003725
53192943
52510333
53435462
34275723
34288011
53493810
51438503
51624282
53637975
52518649
34288129
53231937
51000258
53238309
51609589
52536243
53714460
53589482
53687262
53386159
34287242
51684337
53643894
52165506
51818397
51217710
52608537
53706624
53473998
53612816
53487321
53583417
53363943
53538170
53638386
51623136
53348282
53273635
18566928
53590565
53459991
53612098
52608800
53456398
53026538
51437903
5299838
53576629
53504996
53363948
53705849
52662400
53524156
53510084
53442242
23425930
52662392
52073888
53591274
53218800
53478973
53539280
53476741
9929315
4408928
53532288
3278203
53339198
53629107
52794181
51439957
50788212
53564244
53178369
34287236
52885739
51137860
53546375
52662240
53258377
34287235
11751387
52518878
53723579
53595691
52662459
53590925
53425762
52242114
51145919
53458204
33317665
53502109
53705525
53560403
52662462
53605896
53530009
53413536
53589973
53218794
10428516
53637728
27185763
18767837
53622208
34194182
53303373
33476020
50902332
34287237
53435458
53663342
50835664
53681219
53427858
52820594
53524128
53551099
53481282
51726180
53587688
53525698
33420292
52025670
53654743
34290057
53437816
51620264
29068443
52420665
53558943
52608760
53466332
52829626
53654454
52991067
53623100
53609286
51440070
53634417
52608874
53706090
53449731
53026527
53530537
53512748
34190260
53632827
53671204
53353350
51804457
53678290
53623372
53342984
53567267
53702360
4613791
53572156
16761441
53404008
53466613
53625094
20241987
53483173
53467753
51423723
53214826
52850276
34279682
53480556
53673284
53701884
53675650
50672021
53541199
53721666
53592270
53576635
53264012
53493156
53554346
53606697
53377204
52071914
52662440
34135341
53504764
53363951
53363946
34173071
53728203
52354633
53524106
53210709
53527488
53706547
53654463
52827621
53347742
53459063
51589417
51024021
53358869
53481241
51684331
53456425
11209920
34254334
53054350
52662226
34287251
52697753
53624859
53552002
51428157
53664840
53654455
53595232
52662404
53451228
53585296
34254307
53625544
53180116
53653831
53664518
51441722
53298940
53697675
53612095
52069932
53557487
52662449
52807966
53512143
53517365
53512687
53300437
52165543
53689775
53605879
51313103
51145940
53568704
52572629
53575153
53694185
53449694
53566390
43999010
53707826
53578754
53218798
50928790
53180114
53371772
53679298
51982978
53516279
34275904
19734747
34173992
34254084
53321002
51012434
53587785
19985126
2729024
53643951
52984991
53716878
51982425
51446394
53720829
51623504
53398392
53431921
53334341
53614255
53442209
53661728
53494663
53587446
52739939
53727512
34134943
53679620
53535688
18201005
52866283
53288782
51982892
52427527
53458164
53461075
53225490
53450795
53487064
34296466
53260660
53663056
53672658
53481224
53578973
53622615
51007940
53399690
53651842
53131641
52608787
53591236
53596052
34288751
51588320
34279455
53581128
53591268
53452488
52662402
53605600
53673289
53430616
53634236
50990318
52862257
52270432
53435887
53279963
53529515
53363939
51585037
18065655
53561359
53621061
51446241
52562709
48083685
53593596
34290201
53214622
53579245
53546617
53369445
53363950
53175188
53252711
53628367
53561351
53581132
53310958
38401626
53493462
51425819
23147565
53561626
51128228
34288752
53253782
34134944
53321001
53490836
52662427
53449215
52737472
53666485
53388914
18232800
52867698